
       0           0       0000 0   0   0   0        0   0   
      0 0      0000000000   0 0  0 0    0   0        0   0   
     0   0     0    0  0  00000 00000   000000000   0 0000000
    0     0    0000000000   0 0   0    0    0       0   0    
  00 00000 00  0    0  0    0 0   0   00  0 0  0   00   0    
       0       0 0000000  00000 00000  0   00 0   0 000000000
       0       0 0  0  0   0      0    0 00000000   0  0     
   000000000   0 0000000   0000 00000  0    00      0  00000 
    0  0  0    0 0  0  0  00  0   0    0   0  0     0     0  
     0 0 0    0  0000000   0  0   0    0  0    0    0  000   
  00000000000 0  0  0  0   0000   0    0 0      0   0     00
┏━━━━━━━━━━━━━━━━━━━━━━━━━━━━━━━━━━━━━
┃文字版《金庸群侠之一代宗师》
┃游戏介绍：为了学习脚本系统制作的一个简单的文字RPG。　
┃版本：0.6
┃作者：jiqing
┃邮箱：jiqingwu@gmail.com
┗━━━━━━━━━━━━━━━━━━━━━━━━━━━━━━━━━━━━━
